0 0 0
1 0 0
2 0 0
3 0 0
4 0 0
5 0 0
6 0 0
7 0 0
8 0 0
9 0 0
10 1 1
11 1 1
12 1 1
13 1 1
14 1 1
15 1 1
16 1 1
17 1 1
18 1 1
19 1 1
20 2 2
21 2 1
22 2 2
23 2 2
24 2 2
25 2 2
26 2 2
27 2 2
28 2 2
29 2 2
30 3 11
31 3 3
32 3 3
33 3 3
34 3 3
35 3 3
36 3 3
37 3 3
38 3 3
39 3 3
40 4 8
41 4 4
42 4 4
43 4 4
44 4 4
45 4 4
46 4 4
47 4 4
48 4 4
49 4 4
50 5 5
51 5 5
52 5 5
53 5 5
54 5 5
55 5 5
56 5 5
57 5 5
58 5 5
59 5 5
60 6 6
61 6 6
62 6 6
63 6 6
64 6 6
65 6 6
66 6 6
67 6 6
68 6 6
69 6 6
70 7 7
71 7 7
72 7 7
73 7 7
74 7 7
75 7 7
76 7 7
77 7 7
78 7 7
79 7 7
80 8 8
81 8 8
82 8 8
83 8 8
84 8 8
85 8 8
86 8 8
87 8 8
88 8 8
89 8 8
90 9 6
91 9 6
92 9 6
93 9 6
94 9 6
95 9 9
96 9 6
97 9 6
98 9 6
99 9 6
100 10 10
101 10 10
102 10 10
103 10 10
104 10 10
105 10 10
106 10 10
107 10 10
108 10 10
109 10 10
110 11 11
111 11 11
112 11 11
113 11 11
114 11 11
115 11 11
116 11 11
117 11 11
118 11 11
119 11 11
120 12 6
121 12 12
122 12 12
123 12 12
124 12 12
125 12 12
126 12 12
127 12 12
128 12 12
129 12 12
130 13 10
131 13 10
132 13 10
133 13 13
134 13 13
135 13 13
136 13 13
137 13 13
138 13 13
139 13 13
140 14 14
141 14 14
142 14 14
143 14 14
144 14 14
145 14 14
146 14 14
147 14 14
148 14 14
149 14 14
150 6 6
151 6 6
152 6 6
153 6 6
154 6 6
155 6 6
156 6 6
157 6 6
158 6 6
159 6 6
160 3 3
161 3 3
162 3 3
163 3 3
164 3 3
165 3 3
166 3 3
167 3 3
168 3 3
169 3 3
170 11 11
171 11 11
172 11 11
173 11 11
174 11 11
175 11 11
176 11 11
177 11 11
178 11 11
179 11 11
180 6 6
181 6 6
182 6 6
183 6 6
184 6 6
185 6 6
186 6 6
187 6 6
188 6 6
189 6 6
190 11 11
191 11 11
192 11 11
193 11 11
194 11 11
195 11 11
196 11 11
197 11 11
198 11 11
199 11 11
